p_val avg_logFC pct.1 pct.2 p_val_adj cluster gene
0 3.72745364179133 1 0.607 0 1 Plp1
0 3.72213268842558 0.984 0.182 0 1 Trf
0 3.69250036960713 0.989 0.112 0 1 Mog
0 3.43660849473505 0.967 0.265 0 1 Mal
0 3.42124412731001 0.946 0.168 0 1 Apod
0 3.31095637660996 0.999 0.168 0 1 Ugt8a
0 3.30434891381575 0.787 0.119 0 1 Ptgds
0 3.25686573827506 0.994 0.14 0 1 Mobp
0 3.24776994728599 0.999 0.397 0 1 Mbp
0 3.24730863185212 0.971 0.136 0 1 Ermn
0 3.1831215582204 0.999 0.241 0 1 Cnp
0 3.00051951139102 0.833 0.073 0 1 Opalin
0 2.99373494586612 0.97 0.413 0 1 Car2
0 2.84196861457406 0.998 0.133 0 1 Mag
0 2.80736796829688 0.991 0.319 0 1 Cryab
0 2.80087053953017 0.998 0.178 0 1 Cldn11
0 2.78955807545476 0.998 0.343 0 1 Tspan2
0 2.76391530200779 0.91 0.083 0 1 Aspa
0 2.68256575402536 0.99 0.202 0 1 Gsn
0 2.66513817315466 0.988 0.512 0 1 Qdpr
0 2.62368542019625 0.941 0.092 0 1 Pdlim2
0 2.61649515107853 0.982 0.098 0 1 Tmem88b
0 2.59978036206939 0.999 0.412 0 1 Enpp2
0 2.45427965415699 0.896 0.21 0 1 Grb14
0 2.25777959041614 0.991 0.579 0 1 Dbndd2
0 2.23581449808874 0.938 0.097 0 1 Pllp
0 2.17398600181945 0.984 0.616 0 1 Rnf13
0 2.15916053030542 0.955 0.289 0 1 Gpr37
0 2.15642524679473 0.993 0.187 0 1 Cmtm5
0 2.0835753020149 0.999 0.78 0 1 Taldo1
0 2.07613773860686 0.977 0.272 0 1 Gatm
0 2.04764073553957 0.956 0.119 0 1 Elovl7
0 2.02026555307824 1 0.874 0 1 Scd2
0 2.0097358922857 0.978 0.311 0 1 Cers2
0 2.00173773780364 0.845 0.059 0 1 Car14
0 1.99744834602254 0.985 0.808 0 1 Hmgcs1
0 1.9543111644123 0.972 0.369 0 1 Psat1
0 1.94298905083872 0.873 0.147 0 1 Phldb1
0 1.92821303932989 0.883 0.081 0 1 Gjc3
0 1.88820602200215 0.973 0.268 0 1 Cd9
0 1.8574242591645 0.944 0.42 0 1 Tmeff2
0 1.82093756119061 0.928 0.274 0 1 Jam3
0 1.81531217392036 0.813 0.102 0 1 Lpar1
0 1.80234122631342 0.761 0.051 0 1 Tnfaip6
0 1.80023268637629 0.859 0.121 0 1 Litaf
0 1.7923464416805 0.912 0.112 0 1 Elovl1
0 1.78704171894977 0.982 0.25 0 1 Csrp1
0 1.78434405541938 0.852 0.151 0 1 Gamt
0 1.78199729246032 0.982 0.449 0 1 Slc12a2
0 1.7768781075873 0.889 0.147 0 1 Olig1
0 1.73193409417419 0.978 0.658 0 1 Slc48a1
0 1.72426685587101 0.895 0.161 0 1 Plekhb1
0 1.70609872219838 0.977 0.4 0 1 Npc2
0 1.68735234350343 0.761 0.049 0 1 Gjc2
0 1.65827422675615 0.856 0.124 0 1 Tmbim1
0 1.65351100862299 0.955 0.529 0 1 Bpgm
0 1.65059573150158 0.898 0.218 0 1 Slc44a1
0 1.62707246775219 0.75 0.038 0 1 Tmem125
0 1.57011178475385 0.809 0.121 0 1 Gltp
0 1.50125340649269 0.74 0.062 0 1 Adamts4
0 1.49004868477596 0.783 0.11 0 1 Carhsp1
0 1.47385007497284 0.82 0.093 0 1 Cd82
0 1.46315164584272 0.709 0.055 0 1 Bcas1
0 1.42594496857137 0.829 0.173 0 1 Wscd1
0 1.35820285051545 0.717 0.067 0 1 Plekhh1
0 1.35235155285786 0.695 0.054 0 1 Efhd1
0 1.31742508739874 0.66 0.036 0 1 Gjb1
0 1.31211072517309 0.767 0.091 0 1 Tmem63a
2.34071454205797e-305 1.6811253322028 1 0.921 4.24020439293802e-301 1 Cd81
4.49830617928049e-303 1.39344894915688 0.655 0.043 8.1486816437666e-299 1 Galnt6
2.96530379629604e-302 1.60110072228458 0.762 0.119 5.37164782699028e-298 1 Dock10
2.28013369275573e-301 1.3851704698103 0.905 0.187 4.130462184427e-297 1 Phgdh
2.33486639277985e-300 1.90323415065028 0.952 0.525 4.2296104705207e-296 1 Sirt2
8.87775754876928e-296 1.42737496477259 0.738 0.096 1.60820577995955e-291 1 Rhog
3.56600565467918e-295 1.5235322273757 0.959 0.544 6.45981924345134e-291 1 Sypl
8.27240438550296e-294 1.50533147543799 0.743 0.104 1.49854605443386e-289 1 Unc5b
4.64835417672712e-292 1.66212801675372 0.979 0.751 8.42049359114118e-288 1 Rnf7
8.47275877990829e-288 1.80776553185992 0.604 0.032 1.53484025298039e-283 1 Hapln2
3.0456170233544e-287 1.60950153946485 0.996 0.697 5.5171352378065e-283 1 Qk
3.82635040668296e-286 1.42448504531846 0.687 0.082 6.93143376170618e-282 1 Cdc42ep2
1.6443172912569e-284 1.33265403904794 0.798 0.141 2.97868077311188e-280 1 S100a16
1.40919116030448e-281 1.47626484675813 0.899 0.32 2.55274978689157e-277 1 Lap3
3.89854470982204e-281 1.15058654705999 0.589 0.03 7.06221374184262e-277 1 Nkx6-2
1.16748801026271e-280 1.14187335153666 0.71 0.083 2.11490453059089e-276 1 Cdc42ep1
2.21593810193088e-278 1.14712814839548 0.876 0.184 4.01417187164779e-274 1 Kcnj10
6.76249199077165e-277 1.37787109566723 0.594 0.037 1.22502542412828e-272 1 Smco3
3.04570537124657e-276 1.80638751211543 0.887 0.375 5.51729528001317e-272 1 Cyp51
7.30443258928418e-273 1.20559532446637 0.998 0.973 1.32319796354883e-268 1 Ptma
2.43897918905196e-268 1.40921245810657 0.707 0.1 4.41821080096763e-264 1 Myo1d
1.31148117764225e-267 1.25351958556157 0.761 0.128 2.37574815329893e-263 1 Ttyh2
3.4538667871253e-267 1.56720296333455 0.683 0.081 6.25667968487749e-263 1 Fa2h
6.93228667081883e-267 1.41472573557876 0.983 0.741 1.25578373041883e-262 1 Pcdh9
8.57821758696388e-266 1.44238115750896 0.952 0.635 1.55394411587851e-261 1 Aatk
1.36421487640902e-264 1.72157332678301 0.829 0.253 2.47127524861494e-260 1 Ddr1
3.51238153929403e-264 1.23234955294128 0.591 0.042 6.36267915843114e-260 1 Hhip
4.92034640975692e-264 1.35061364736899 0.835 0.28 8.91320752127467e-260 1 Il1rap
5.68856474806603e-264 1.74058705663428 0.866 0.31 1.03048350411216e-259 1 Ndrg1
1.03265694610841e-263 1.15430578204533 0.635 0.068 1.87065805787538e-259 1 St18
4.36717411020546e-263 1.37526849818311 0.976 0.774 7.9111359006372e-259 1 Vmp1
1.35136229259695e-262 1.21715837360165 0.646 0.08 2.44799279303938e-258 1 Arsg
0 2.2550520013178 0.977 0.094 0 2 Crym
0 1.86966589298843 0.994 0.418 0 2 Hpca
0 1.79461048766062 0.996 0.246 0 2 Neurod6
0 1.78071716385554 0.985 0.278 0 2 Cpne6
0 1.77007778356811 1 0.418 0 2 Gria1
0 1.7065099418748 0.87 0.165 0 2 Wfs1
0 1.57948624239237 0.997 0.464 0 2 Tspan13
0 1.54302652819123 1 0.729 0 2 Ppp3ca
0 1.52956337030747 0.901 0.14 0 2 Cpne7
0 1.4717744355954 0.835 0.021 0 2 Spink8
0 1.46171950478392 0.921 0.144 0 2 Wipf3
0 1.43655504681768 1 0.475 0 2 Grm5
0 1.42481443212976 0.997 0.398 0 2 Camkv
0 1.42012812589491 0.99 0.361 0 2 Rasgrp1
0 1.41553079897259 0.84 0.076 0 2 Fibcd1
0 1.40542105499941 0.892 0.131 0 2 Lpl
0 1.39594798294279 0.951 0.149 0 2 Gabra5
0 1.38128285136405 0.976 0.214 0 2 Dgkg
0 1.35107369823518 0.973 0.274 0 2 2010300C02Rik
0 1.33377747668966 0.99 0.375 0 2 Fam131a
0 1.33170763409484 0.97 0.278 0 2 Ptk2b
0 1.32663445928191 0.978 0.312 0 2 Ociad2
0 1.32430567418356 0.966 0.221 0 2 Bcl11b
0 1.32233116848143 0.994 0.452 0 2 Wasf1
0 1.30375204945448 0.981 0.328 0 2 Tenm2
0 1.27596015978048 0.915 0.092 0 2 St6galnac5
0 1.26585079417046 0.941 0.204 0 2 Itpka
0 1.26301959646097 0.977 0.299 0 2 Rasgrf1
0 1.25816149073995 0.965 0.314 0 2 Gpr22
0 1.25456634537735 0.957 0.264 0 2 Ddn
0 1.22813525963242 0.924 0.138 0 2 Iqgap2
0 1.20862558598576 0.917 0.164 0 2 Rgs14
0 1.18903843557015 0.998 0.436 0 2 Nsg2
0 1.16262849218892 0.978 0.367 0 2 Mmd
0 1.14954554118935 0.918 0.222 0 2 Scn3b
0 1.10190252876105 0.927 0.212 0 2 Icam5
0 1.00774649959106 0.82 0.1 0 2 Sertm1
0 0.968864778652336 0.904 0.195 0 2 Rprml
0 0.95090908571912 0.857 0.137 0 2 Galnt9
0 0.871541335885296 0.829 0.105 0 2 Spon1
1.78870082096895e-306 1.07020368365516 0.924 0.258 3.24023153718526e-302 2 Lrrn2
1.06307149881211e-305 1.45868411530896 1 0.814 1.92575402009814e-301 2 Atp2b1
1.64507864270907e-303 1.17409443932294 1 0.745 2.98005996126748e-299 2 Gria2
1.30898920339329e-300 1.11349074099382 0.945 0.288 2.37123394194694e-296 2 Gabra2
8.53131748909631e-300 1.17637987694722 0.97 0.352 1.5454481631498e-295 2 Kcnd2
4.05285677238619e-299 1.05282103559859 0.961 0.293 7.34175004317758e-295 2 Sez6
2.55046772041099e-298 1.18456695625345 0.993 0.342 4.6201722755245e-294 2 Pde1a
6.12974628186358e-298 1.1464987427404 0.954 0.288 1.11040353895959e-293 2 Dkk3
3.64101942242428e-294 1.14159685107677 0.957 0.346 6.59570668372158e-290 2 Mal2
1.23786992139472e-293 1.15439979978926 1 0.591 2.24240136260653e-289 2 Ncdn
3.73402928143636e-293 1.32666069130388 0.991 0.501 6.76419404332197e-289 2 Slc8a1
1.00995940203436e-292 1.22748007282408 1 0.732 1.82954145678524e-288 2 Prkcb
3.00858428429609e-291 0.769460681845243 0.807 0.141 5.45005043100236e-287 2 Ppp4r4
2.37835649772169e-289 0.966132817613792 0.919 0.249 4.30839279562284e-285 2 Dock4
9.29137590639912e-288 1.12425458845366 0.972 0.304 1.6831327454442e-283 2 Nell2
4.01647731200469e-287 1.12418723257258 0.966 0.348 7.2758486506965e-283 2 Ppm1e
5.81928296234147e-286 1.0640683683053 0.966 0.359 1.05416310862816e-281 2 Gabrb3
2.45418370918981e-284 1.17287133043564 0.998 0.517 4.44575378919733e-280 2 Grin2b
3.14882348575878e-281 0.839300872254992 0.831 0.18 5.70409374445204e-277 2 Lrrtm1
4.05163265631829e-280 0.664604165518545 0.647 0.044 7.33953255692059e-276 2 Klk8
2.38247382660168e-279 1.13613922061788 0.985 0.415 4.31585133688894e-275 2 Zbtb18
8.98526309954548e-279 0.989243950851014 0.929 0.231 1.62768041048266e-274 2 Neurod2
1.84594902194087e-275 0.804072479218758 0.834 0.144 3.34393665324589e-271 2 Ryr3
1.03448263537805e-274 0.953725440162594 0.879 0.212 1.87396529398733e-270 2 Cpne8
8.25798099772439e-273 0.934255112749504 0.974 0.381 1.49593325773777e-268 2 Rasgef1a
9.2989167734756e-272 1.07533393096099 0.997 0.537 1.6844987735151e-267 2 Dlgap1
1.02822027345355e-271 1.07818670161821 0.998 0.608 1.8626210253611e-267 2 Ppp3r1
1.60762880688367e-271 1.00889185752934 0.989 0.462 2.91221958366977e-267 2 Plk2
5.16759500006866e-271 0.934065505247688 0.848 0.177 9.36109834262437e-267 2 Pou3f1
1.67946905404029e-268 0.938203311300688 0.928 0.293 3.04235819139399e-264 2 Mpped1
9.35428364397529e-265 0.812153071389581 0.676 0.071 1.69452848210612e-260 2 Shisa6
5.43594010051553e-263 0.804294877039631 0.837 0.175 9.84720549208388e-259 2 Sema3e
2.7908013320995e-262 1.28743372586156 0.798 0.145 5.05553661309824e-258 2 Nnat
3.20631909865665e-262 0.578040433198221 0.577 0.029 5.80824704721651e-258 2 Pkp2
4.54710674305626e-261 0.88991959442097 0.822 0.183 8.23708386504641e-257 2 Kcnab1
5.66250514830478e-260 0.752085137421381 0.751 0.129 1.02576280761541e-255 2 Chrd
1.01063869522129e-258 1.04696574454201 0.954 0.346 1.83077199639336e-254 2 Caly
1.84630955222654e-254 0.922818312956541 0.929 0.293 3.34458975385838e-250 2 Slc24a3
8.12911491063064e-254 1.10874155197866 1 0.596 1.47258916606074e-249 2 Chn1
6.49942152960075e-253 0.702521175930811 0.721 0.11 1.17737021008718e-248 2 Trpc4
2.14145678063851e-251 0.765866659941423 0.832 0.204 3.87924895812667e-247 2 Chrm1
6.87773877653478e-251 0.887636613993585 0.954 0.354 1.24590237936927e-246 2 Crmp1
1.88911793570163e-250 1.13735770776472 0.98 0.476 3.42213714052349e-246 2 Epha4
2.03757241959468e-250 0.752880329742496 0.676 0.085 3.69106243809576e-246 2 Ndst3
2.39096809738438e-249 0.828752586243253 1 0.912 4.33123870841181e-245 2 Prnp
5.02075118666051e-249 1.07624143803462 0.866 0.262 9.09509077463552e-245 2 Epha7
7.71325335676675e-249 0.88163749141171 0.839 0.21 1.3972558455783e-244 2 Cnih2
3.78637612395777e-247 1.09769368996839 0.985 0.404 6.85902034854949e-243 2 Gap43
6.16040884701692e-247 0.906882282376287 0.641 0.073 1.11595806263711e-242 2 Prkcg
7.76312036517609e-243 0.907578093145207 0.993 0.47 1.40628925415165e-238 2 Celf5
1.98834754698046e-241 0.77425444245344 0.848 0.227 3.6018915813551e-237 2 Galnt16
7.04503469659219e-240 0.955508832727831 0.973 0.398 1.27620803528768e-235 2 Chl1
4.25991567589697e-239 0.551491775594177 0.501 0.015 7.71683724688737e-235 2 Htr5b
3.16201456137606e-238 0.900891116283447 0.957 0.363 5.72798937793273e-234 2 Hpcal4
1.11643433499533e-237 0.775777049870641 0.771 0.157 2.02242079784404e-233 2 Sowaha
1.21397433268737e-235 0.873351567576141 0.933 0.312 2.19911450366318e-231 2 Sprn
7.37444569626862e-235 0.865770749587771 0.875 0.273 1.33588083787906e-230 2 Kcnab2
4.84156279020151e-234 0.644936551554037 0.62 0.069 8.77049099445003e-230 2 Epha6
8.93254772595517e-234 0.924773910928868 0.972 0.388 1.61813102055678e-229 2 Enc1
1.47776367664412e-231 0.732127474547502 0.836 0.238 2.67696890024083e-227 2 Unc5a
3.03740830610116e-273 0.958436350842587 0.692 0.05 5.50226514650225e-269 3 Gm11549
2.37733802259271e-242 0.924520534006662 0.794 0.101 4.30654782792669e-238 3 Car10
4.58501391592294e-200 1.55334928459349 1 0.589 8.30575270869441e-196 3 Pcsk2
6.97297079010461e-186 1.79277225728865 0.99 0.515 1.26315365862745e-181 3 Mef2c
2.36064300864546e-180 0.761381189186371 0.677 0.105 4.27630481016125e-176 3 Necab3
5.53830506647641e-179 0.831330025439242 0.742 0.134 1.0032639627922e-174 3 Tbr1
1.82979254867569e-169 0.89057239144273 0.805 0.17 3.31466920192601e-165 3 Dpp10
1.93451889881059e-166 0.374748150821572 0.376 0.015 3.50438098519538e-162 3 Rasgef1c
1.23299378719073e-164 0.787432943038835 0.762 0.169 2.233568245496e-160 3 Rap1gap2
3.93041013831859e-162 0.917373766909434 0.772 0.178 7.11993796556413e-158 3 Gabrd
3.51848410584256e-156 1.129065571529 1 0.749 6.37373395773379e-152 3 Snap25
1.40008515201952e-154 0.932907007820307 0.669 0.12 2.53625425288336e-150 3 Brinp3
7.43166035148716e-153 1.27165389464628 0.995 0.606 1.3462452726719e-148 3 Arpp21
1.02570722564e-150 0.924760024735638 0.907 0.358 1.85806863924686e-146 3 Stx1a
2.70640977832098e-148 0.713842052079018 0.617 0.099 4.90266131342845e-144 3 Efna5
5.81588457081928e-147 0.65698240925519 0.396 0.027 1.05354749000391e-142 3 Gpr88
3.40196413468145e-141 0.516928469803355 0.479 0.053 6.16265802997545e-137 3 Ipcef1
1.41835055500024e-140 1.12255904999356 0.995 0.614 2.56934203038293e-136 3 Atp2b2
1.70655919362632e-139 0.926207895242785 0.416 0.038 3.09143197925408e-135 3 Myl4
5.94719283403039e-139 0.438981862537391 0.506 0.063 1.07733398188461e-134 3 Fhod3
1.15021029429503e-138 0.661094836316596 0.596 0.105 2.08360594811544e-134 3 Kcnf1
1.31258721299313e-137 1.0275086658039 0.815 0.264 2.37775173633706e-133 3 Kcnv1
4.93701698804041e-133 0.663060181826449 0.439 0.046 8.94340627383521e-129 3 Atp6ap1l
7.74212139331127e-131 1.16022874757096 0.96 0.411 1.40248529039834e-126 3 Nrn1
4.96447653373374e-127 0.944624970074839 0.882 0.347 8.99314924085867e-123 3 Ngef
1.17011776693562e-125 0.500802282373746 0.466 0.063 2.11966833480387e-121 3 Cckbr
7.13310043539259e-125 0.454920833182602 0.484 0.065 1.29216114387137e-120 3 Cobl
9.39341400132981e-124 1.00312532656841 0.94 0.37 1.7016169463409e-119 3 Ncald
6.1729760261521e-123 0.668222611608005 1 0.997 1.11823460713745e-118 3 Calm1
4.77051262628489e-122 0.533535729873951 0.396 0.041 8.64178362251508e-118 3 Krt12
5.18518357206812e-122 1.06257961039541 0.892 0.43 9.39296004080141e-118 3 1110008P14Rik
1.61050398978877e-121 0.716865076517104 0.632 0.146 2.91742797750237e-117 3 Dusp14
3.69974535892594e-121 0.965976943842628 0.822 0.283 6.70208871769434e-117 3 Kcnj4
4.65660352161244e-121 0.561081241967735 0.429 0.054 8.43543727940094e-117 3 Hs3st2
6.94751705483679e-121 0.620524062946072 0.564 0.106 1.25854271448368e-116 3 Gfra2
9.91723540708079e-121 1.05459310327079 0.992 0.543 1.79650719399269e-116 3 Tagln3
4.65433739215549e-117 0.794938143278834 0.947 0.435 8.43133218588968e-113 3 Fgf12
2.37807520201085e-116 0.796288231697123 0.99 0.641 4.30788322844266e-112 3 Arhgap32
5.26899233185061e-116 0.907390081587368 0.995 0.583 9.54477960914737e-112 3 Tuba4a
5.28412029636863e-115 0.968030318937102 0.98 0.694 9.57218391687177e-111 3 Osbpl1a
3.95649014282582e-114 0.344265691135433 0.298 0.019 7.16718189372897e-110 3 Tmem215
3.99255872024592e-114 0.443038117875508 0.376 0.039 7.23252012172548e-110 3 Ramp3
5.56628033856307e-113 0.392489660568859 0.496 0.078 1.0083316833307e-108 3 Tshz3
7.16548723573656e-113 0.464059339595345 0.371 0.038 1.29802801275368e-108 3 Gsg1l
1.87982573080485e-111 2.01746391450728 0.727 0.262 3.40530431135299e-107 3 Pcp4
2.55862792753388e-111 0.836797418283034 0.977 0.492 4.63495449072763e-107 3 Fabp3
4.28361529855851e-111 0.40939566038407 0.281 0.016 7.75976911333875e-107 3 A830009L08Rik
1.70851317132772e-110 0.415318532377336 0.331 0.028 3.09497160986017e-106 3 Coch
5.94468343726414e-110 0.252817448972262 0.348 0.031 1.0768794046604e-105 3 Cpne9
3.23165283993517e-108 0.869717755610332 0.97 0.68 5.85413911954256e-104 3 Arpp19
2.59891859115993e-107 0.447440813185021 0.534 0.107 4.70794102788621e-103 3 Olfm2
7.39194938961251e-107 0.913228721996001 0.905 0.435 1.33905163192831e-102 3 Camkk2
2.63947718716687e-106 1.46248846307391 0.962 0.804 4.78141292455278e-102 3 Camk2n1
3.6983659204076e-106 0.329009055625495 0.286 0.019 6.69958986481837e-102 3 Dtl
5.4882118428717e-106 0.82670930287034 0.99 0.554 9.94189575336208e-102 3 Vsnl1
1.13544826450878e-105 0.774468238889303 0.812 0.289 2.05686453115766e-101 3 Ano3
6.6288675932499e-105 1.12905933581307 0.987 0.68 1.20081936451722e-100 3 Nrgn
1.50078558475408e-103 0.766469869372385 1 0.712 2.71867308678201e-99 3 Ywhah
1.94269539874978e-103 0.969893964461246 0.977 0.652 3.51919271483522e-99 3 Atp1a1
1.49511414803727e-101 0.918266367256902 0.9 0.451 2.70839927916952e-97 3 Camk4
1.80131889702942e-99 0.264821077167264 0.278 0.02 3.26308918196879e-95 3 Exph5
3.30215074675365e-99 1.13512399024312 0.955 0.573 5.98184607774423e-95 3 Rgs4
3.89115134646377e-99 0.81727476909562 1 0.881 7.04882066411911e-95 3 Mdh1
1.14678262299413e-98 0.451469229779309 0.431 0.069 2.07739672155387e-94 3 Ptchd1
2.05922350828088e-98 0.584350549137469 0.419 0.068 3.73028338525082e-94 3 Frzb
2.27175638642189e-98 0.661056494870688 0.89 0.403 4.11528669400326e-94 3 Cdk5r2
4.97624640555143e-98 0.374950461426623 0.434 0.065 9.01447036365641e-94 3 Pamr1
5.71405610092109e-98 0.834098081047103 0.772 0.302 1.03510126268186e-93 3 Ttc9b
8.26360266658772e-98 0.637413766541075 0.654 0.19 1.49695162305237e-93 3 Fxyd7
2.81105611783902e-97 0.879413872266376 0.291 0.025 5.09222815746539e-93 3 Tnnc1
1.67235503217759e-96 0.776409738289232 0.995 0.79 3.02947114078971e-92 3 Nme1
1.09194714568184e-95 0.791830164219465 1 0.78 1.97806225440265e-91 3 Scg5
1.25346571871491e-95 1.18570978560455 0.699 0.243 2.27065314945206e-91 3 Lamp5
2.7380082310513e-95 0.469520975691104 0.459 0.088 4.95990191054942e-91 3 Dclk3
9.27442057627243e-95 0.763589311299893 0.827 0.363 1.68006128739175e-90 3 Rab15
1.49308613073834e-94 0.739370903574493 0.982 0.602 2.7047255258325e-90 3 Pld3
2.77005639429475e-94 0.608524562981441 0.634 0.182 5.01795715826495e-90 3 Igfbp6
1.07601622044721e-93 0.576682174789548 0.667 0.22 1.94920338334011e-89 3 Kcnh1
2.02011376167581e-92 0.612696915001572 0.85 0.332 3.65943607927573e-88 3 Cacng2
9.58877993846711e-92 0.722831027898951 0.975 0.452 1.73700748585332e-87 3 Sv2b
2.9536173682913e-91 0.382242154041597 0.276 0.024 5.3504778626597e-87 3 Dkkl1
4.67229249953437e-91 0.752822387086084 0.955 0.548 8.46385786290651e-87 3 Kcnb1
8.27764806086449e-91 0.49497533648615 0.556 0.134 1.4994959462256e-86 3 Lrrtm3
2.22890984746775e-90 0.790234220164274 1 0.633 4.03767018868783e-86 3 Stmn2
1.64445866314774e-89 0.6104796639175 0.802 0.261 2.97893686829213e-85 3 Rph3a
2.3096818966227e-89 0.696704941808586 0.895 0.463 4.18398875573202e-85 3 Pcdh7
5.35092902650484e-89 0.65400215768791 1 0.77 9.69320793151351e-85 3 Atp6v1d
1.20885715977582e-88 0.70783247400814 0.997 0.659 2.18984474493389e-84 3 Fbxw7
1.71996708297764e-88 0.367714496737233 0.449 0.089 3.11572037081399e-84 3 Tiam2
9.79174870900743e-88 0.832604231549373 0.955 0.523 1.7737752786367e-83 3 Brinp1
1.124364680248e-86 0.311617079701399 0.316 0.038 2.03678661826925e-82 3 Sema3a
2.32003068567156e-86 0.717328805203567 0.942 0.525 4.20273558709403e-82 3 Sult4a1
3.62557688913917e-86 0.593327051272722 0.724 0.241 6.5677325346756e-82 3 Satb1
3.65247639900805e-86 0.787322234990685 0.997 0.822 6.61646099680309e-82 3 Atpif1
1.08663577611646e-85 0.609802054020627 0.89 0.413 1.96844070843496e-81 3 Syt13
4.23775104855304e-85 0.682998438841629 0.985 0.668 7.67668602445384e-81 3 Ndrg3
7.14939264732558e-85 0.777214416574758 0.967 0.58 1.29511247806303e-80 3 Stxbp1
3.57462206118028e-84 0.626198252789447 0.995 0.668 6.47542786382808e-80 3 Ensa
1.57716833629147e-83 0.567016368344367 0.456 0.094 2.857040441192e-79 3 Unc5d
4.06529368236132e-83 0.750214202249246 1 0.68 7.36427950559753e-79 3 Chn1
0 3.8247899440363 0.98 0.037 0 4 C1qa
0 3.54969145728186 0.98 0.033 0 4 C1qb
0 3.33123787637224 0.98 0.033 0 4 Tyrobp
0 3.22137970680583 0.939 0.03 0 4 Fcrls
0 2.85314941681588 0.878 0.024 0 4 Fcer1g
6.18298315776403e-305 3.04792478177648 0.878 0.026 1.12004739902895e-300 4 C1qc
2.09245949688312e-300 3.40334632132109 0.918 0.032 3.79049037860377e-296 4 Fcgr3
1.37525823587645e-282 3.60974268748297 0.786 0.021 2.4912802942902e-278 4 Pf4
5.52373690876598e-279 2.94263060755956 0.745 0.018 1.00062494102296e-274 4 Ms4a7
1.21017669905909e-274 2.61015571361315 0.929 0.039 2.19223509034555e-270 4 Laptm5
5.82308109457389e-270 3.38804385249568 0.765 0.022 1.05485114028206e-265 4 F13a1
2.77531004971963e-267 3.52037505260535 0.786 0.024 5.02747415506711e-263 4 Mrc1
3.8331562462319e-267 3.66773054147769 0.786 0.024 6.94376254004909e-263 4 Ccl7
1.98085124640658e-266 3.14367688678005 0.99 0.051 3.58831203286552e-262 4 Csf1r
4.33500877387584e-263 3.15400716466957 0.704 0.017 7.85286839387609e-259 4 Ccl24
1.29070958296493e-258 3.19212503918652 0.755 0.023 2.33812040954097e-254 4 Cbr2
3.00697486886539e-255 3.82998135681596 0.776 0.025 5.44713497494965e-251 4 Lyz2
1.13985538987803e-253 3.59898029254346 0.806 0.029 2.06484803876406e-249 4 Ccl2
5.64649098573289e-253 2.80181571712376 0.776 0.026 1.02286184206551e-248 4 Cd53
9.81181482165872e-252 3.36769685227453 0.99 0.055 1.77741025494348e-247 4 Ctss
2.79535715385715e-242 2.70234754763466 0.796 0.031 5.06378948421222e-238 4 Hpgds
2.06231573962093e-239 2.66102941796236 0.694 0.02 3.73588496232331e-235 4 Fcgr2b
4.00568028116462e-236 2.29638458326772 0.673 0.019 7.25628982932972e-232 4 C3ar1
5.31669031390754e-236 2.05263992398126 0.582 0.011 9.63118450364351e-232 4 Lyz1
8.14174026461208e-235 2.00267505355029 0.622 0.014 1.47487624893448e-230 4 Clec4n
1.76887658981904e-232 3.26592765119154 0.714 0.023 3.20431994245718e-228 4 Ccl12
5.52147478854569e-227 1.91039651096992 0.633 0.017 1.00021515794505e-222 4 Ms4a6b
2.95288619020318e-224 2.70060807417321 0.929 0.056 5.34915333355306e-220 4 Rnase4
1.42078376826648e-223 2.39266480107004 0.704 0.024 2.57374979621472e-219 4 Ltc4s
1.65704495226489e-221 1.99260644431031 0.714 0.026 3.00173693102785e-217 4 Ly86
6.35445828670561e-220 2.83266741247436 0.592 0.014 1.15111011863672e-215 4 Folr2
2.55223708962451e-217 2.21482644538316 0.633 0.019 4.62337748785481e-213 4 Pld4
2.45609185735539e-215 2.16374091794156 0.531 0.01 4.4492103995993e-211 4 C5ar1
3.83519721309889e-212 2.77507312091092 0.724 0.029 6.94745975152864e-208 4 Cd14
1.43253069636881e-209 2.0749709121383 0.684 0.025 2.59502935647209e-205 4 Gpr34
2.75976966425055e-204 1.89885995455525 0.551 0.013 4.99932274678988e-200 4 Cd86
3.01254590605596e-199 2.60091501503635 0.776 0.041 5.45722690882037e-195 4 Fcgr1
1.40359267729209e-197 2.22843310629525 0.592 0.018 2.54260813491463e-193 4 Cybb
1.68114196525953e-197 2.63850907664748 0.673 0.027 3.04538867006763e-193 4 Gpr183
7.19649334622223e-195 2.94060026815461 0.531 0.013 1.30364476966816e-190 4 Cd209f
3.95755861001571e-192 1.69991021052783 0.541 0.014 7.16911742204345e-188 4 Clec4a3
4.23437060866327e-192 1.6607731895993 0.52 0.013 7.67056235759351e-188 4 Ms4a6c
2.53018826637159e-189 3.35753126678917 0.796 0.048 4.58343604453213e-185 4 Stab1
1.91124463384555e-187 2.15265648922005 0.551 0.016 3.46221965421121e-183 4 Ccr1
2.66888039132631e-186 3.80771287117933 0.663 0.029 4.83467682888762e-182 4 Ccl3
5.21564224087361e-180 2.73857318403327 0.592 0.022 9.44813591934255e-176 4 Lyve1
6.41373619774446e-180 2.50846003472056 0.551 0.018 1.16184831222141e-175 4 Bcl2a1b
2.60459493521895e-177 1.45021524870907 0.5 0.013 4.71822372514913e-173 4 Tbxas1
2.42070627322982e-175 2.41605519389804 0.592 0.023 4.38510941395582e-171 4 Trem2
1.97950548920927e-172 2.6570002781492 0.612 0.026 3.58587419370259e-168 4 Cd36
5.88412109948404e-172 2.42771523704577 0.827 0.059 1.06590853717153e-167 4 Cfh
1.88120947984599e-170 1.93609089366102 0.592 0.024 3.40781097274101e-166 4 Gmfg
2.38091823686761e-169 2.01492247628236 0.663 0.034 4.31303338608568e-165 4 Hpgd
7.86034496418976e-168 2.16120966367398 0.48 0.013 1.42390149026298e-163 4 Mgl2
7.88394844381617e-168 1.54831104919671 0.52 0.017 1.4281772605973e-163 4 Nckap1l
1.04102152032509e-161 2.00560478639034 0.439 0.011 1.8858104840689e-157 4 Cd163
1.12819223993682e-161 1.55181271423119 0.459 0.012 2.04372024264555e-157 4 Clec4a2
6.84485475998037e-161 2.26933043865184 0.571 0.024 1.23994543977044e-156 4 Adrb2
2.32063859073088e-160 3.32229371186755 0.551 0.022 4.20383680710899e-156 4 Ccl4
1.45165970039156e-159 2.62758328310908 0.796 0.062 2.6296815472593e-155 4 Cd68
3.02337904510875e-159 1.81808608724743 0.439 0.011 5.4768511402145e-155 4 Clec10a
1.24523953346253e-158 2.80109794354822 0.827 0.069 2.25575141486736e-154 4 Ctsc
6.23221030953185e-156 1.59630009282003 0.48 0.015 1.12896489757169e-151 4 Ptprc
1.82483642496705e-155 3.00764166035892 0.765 0.057 3.30569118382781e-151 4 Plek
1.29492440803127e-152 1.61883674879777 0.449 0.013 2.34575556514864e-148 4 Rac2
3.36862990976407e-151 2.00662163096777 0.52 0.021 6.10227308153761e-147 4 P2ry13
5.6119771229977e-150 1.55141154248782 0.388 0.008 1.01660965583103e-145 4 Ifi204
3.22129220176689e-149 1.78271360576332 0.408 0.01 5.83537082350071e-145 4 Cd209g
1.03680853895363e-145 1.24608202180956 0.408 0.011 1.8781786683145e-141 4 Cyth4
1.69078121925885e-145 2.49010440853891 0.776 0.066 3.0628501786874e-141 4 Aif1
5.35792597165165e-145 2.01922194323523 0.449 0.014 9.70588289764697e-141 4 Ms4a6d
9.49260783314745e-144 2.76575972775659 0.684 0.047 1.71958590897466e-139 4 Cx3cr1
1.58174937489636e-136 1.66691682248646 0.561 0.03 2.86533899262476e-132 4 Alox5ap
1.69747719799132e-136 1.08835143526212 0.388 0.01 3.07497994416128e-132 4 Cd48
9.3087437393097e-135 2.3188381633027 0.418 0.013 1.68627892837595e-130 4 Tnf
4.45484376541956e-132 1.54822671615386 0.398 0.012 8.06994948105754e-128 4 Fermt3
7.52950002916049e-132 1.51505468185652 0.469 0.02 1.36396893028242e-127 4 Ptpn6
3.32996038900775e-131 1.42718000962987 0.347 0.008 6.03222324468755e-127 4 Il10ra
1.61683703922204e-130 1.8006616966708 0.714 0.061 2.92890029655072e-126 4 Unc93b1
6.85167736551093e-130 1.50597761242764 0.439 0.017 1.24118135476231e-125 4 Tslp
7.92999317652796e-129 2.80748168082044 0.755 0.074 1.43651826392804e-124 4 Dab2
2.3725074190234e-128 1.23605955039928 0.347 0.008 4.29779718956089e-124 4 Tnfaip8l2
3.30822188509572e-126 1.35673024287444 0.48 0.022 5.9928439448509e-122 4 Fyb
2.81450939677979e-125 1.72524487235567 0.357 0.01 5.0984837722666e-121 4 Tlr2
4.2962565391546e-123 1.27248382017489 0.398 0.014 7.78266872067856e-119 4 Cd300a
7.96719091985086e-123 1.45588033000942 0.357 0.01 1.44325663513098e-118 4 Hk3
1.38989971165575e-122 2.60035108070813 0.469 0.022 2.5178033276644e-118 4 Slfn2
3.13267648686437e-122 1.39376103255111 0.408 0.015 5.6748434559548e-118 4 Mpeg1
4.13369197556302e-121 2.4178129089987 0.388 0.013 7.48818301373241e-117 4 Cxcl2
5.63982444285401e-121 1.91047622910498 0.653 0.054 1.021654197823e-116 4 Tgfbi
6.03680994279219e-121 1.86886284915217 0.786 0.08 1.09356812113681e-116 4 Slco2b1
1.69862625686034e-120 1.12430537900781 0.367 0.011 3.0770614643025e-116 4 Cd84
5.77499610150957e-120 2.54106251723874 0.837 0.103 1.04614054378846e-115 4 Txnip
9.23684215463402e-117 2.13503453198963 0.745 0.077 1.67325395631195e-112 4 Cyba
1.82430875819997e-115 1.39935150510187 0.296 0.006 3.30473531547924e-111 4 Msr1
6.75566434636117e-115 0.96192218109481 0.296 0.006 1.22378859634333e-110 4 Gpr65
8.02117035243197e-115 1.96349806611867 0.51 0.031 1.45303500934305e-110 4 Abca9
5.94769665449229e-113 1.01462815673977 0.337 0.01 1.07742524896128e-108 4 Irf8
4.65250272263272e-112 1.01912203667157 0.347 0.011 8.42800868204917e-108 4 Tmem106a
1.85873993883926e-103 0.923176512654873 0.327 0.011 3.36710739920732e-99 4 Ptpn18
0 2.97692958691849 0.997 0.113 0 5 Gad1
0 2.83721805829347 0.993 0.094 0 5 Gad2
0 1.53551128208689 0.71 0.016 0 5 Pnoc
0 1.50473307826905 0.828 0.028 0 5 Dlx6os1
0 1.43939123274809 0.917 0.023 0 5 Slc32a1
0 1.22124304316519 0.724 0.029 0 5 Kcnip1
0 1.0788961809494 0.845 0.026 0 5 Dlx1
1.55510233204187e-295 0.796991430580827 0.748 0.04 2.81706787449385e-291 5 Arx
6.26556581857235e-295 0.85224087845618 0.607 0.016 1.13500724803438e-290 5 Adarb2
1.41781966733453e-279 3.3568834860295 0.645 0.029 2.5683803273765e-275 5 Htr3a
5.3908741064447e-273 1.39112138322188 0.848 0.076 9.76556844382457e-269 5 Igf1
2.03813937142169e-269 1.29881178127757 0.852 0.084 3.69208947133039e-265 5 Arl4c
3.68458963859701e-264 1.14576725382504 0.848 0.08 6.67463413031849e-260 5 Rbms3
9.64477122071108e-259 0.685633858466175 0.572 0.02 1.74715030663181e-254 5 Btbd11
2.39020394692007e-252 1.00492682559466 0.548 0.018 4.32985444984571e-248 5 Npas1
3.0368640878341e-225 0.571726864424218 0.459 0.011 5.50127929511147e-221 5 Gm14204
1.21208296882623e-222 1.80379313762809 0.952 0.208 2.19568829802872e-218 5 Vstm2a
2.50626075434521e-216 2.22093172971731 0.648 0.055 4.54009135649634e-212 5 Reln
3.47512158224805e-216 0.546484926904865 0.445 0.011 6.29518274624233e-212 5 Dlx2
1.37463728919539e-213 1.13942683355168 0.776 0.098 2.49015544937746e-209 5 Cygb
2.34896037869314e-199 0.321481931178952 0.386 0.007 4.25514172600263e-195 5 Dlx5
4.38554953751559e-189 1.81949699940131 0.993 0.27 7.94442298720949e-185 5 Slc6a1
5.32696829844258e-189 0.451308947409412 0.383 0.008 9.64980307262873e-185 5 Kcnmb2
1.29897654259453e-188 0.936555220395016 0.61 0.054 2.35309600690999e-184 5 Grik1
7.11546935673876e-186 0.354843997261267 0.414 0.014 1.28896727397323e-181 5 A530058N18Rik
2.38090378651182e-182 0.78278552311326 0.766 0.112 4.31300720926616e-178 5 AI504432
1.50704147170225e-178 0.66758796613831 0.41 0.015 2.73000562598863e-174 5 Nxph1
3.91437621714656e-172 0.492902497368552 0.531 0.042 7.09089251736099e-168 5 Ankrd34b
1.81814560919373e-171 0.465823184373685 0.728 0.092 3.29357077105443e-167 5 Maf
6.54508280895263e-171 0.554204821672412 0.559 0.047 1.18564175084177e-166 5 Rcan3
2.81677955187051e-170 0.903312793799144 0.755 0.115 5.10259615821344e-166 5 Camk2n2
3.42177746169277e-168 1.28531898626996 0.783 0.15 6.19854987185645e-164 5 Zcchc12
3.29505003966444e-167 1.23429104930379 0.934 0.264 5.96898314685213e-163 5 Kcnc1
1.60461786914089e-165 1.09308856769665 0.793 0.148 2.90676526994872e-161 5 Ubash3b
1.86814566873407e-164 0.80211631433152 0.676 0.094 3.38414587891177e-160 5 Fstl5
2.75018988828486e-161 0.271813876283013 0.334 0.008 4.98196898262802e-157 5 Rpp25
4.86201889896272e-155 1.60877515006241 0.959 0.326 8.80754723547097e-151 5 Nrip3
1.77939608966015e-154 1.21606025778179 0.724 0.116 3.22337601641937e-150 5 Rgs10
3.94475911912141e-152 1.19016598059057 0.607 0.079 7.14593114428843e-148 5 Col19a1
1.37112284281686e-151 1.78266086658948 1 0.641 2.48378902976275e-147 5 Nap1l5
1.74081866446807e-150 3.62122844015697 0.721 0.136 3.15349301068392e-146 5 Npy
5.38085530133268e-148 0.321951545266368 0.331 0.011 9.74741937836415e-144 5 Vwc2
5.56504815743808e-146 0.81041981448697 0.772 0.157 1.00810847371991e-141 5 Usp29
5.81982789705585e-146 1.6026922173952 0.983 0.436 1.05426182355167e-141 5 Cplx1
5.58827818908397e-145 1.60418941972642 0.931 0.298 1.01231659395256e-140 5 Resp18
1.05468710107886e-144 0.357382253287106 0.31 0.008 1.91056568360435e-140 5 Sp8
3.0943164631964e-144 1.27899273891862 0.945 0.268 5.60535427308028e-140 5 Rph3a
2.8960865273431e-142 1.18154031692932 0.969 0.347 5.24626074428202e-138 5 Abat
4.76855447601808e-140 1.12266004383158 0.628 0.093 8.63823643330676e-136 5 Rab3b
1.39583325373504e-139 1.37372179241014 0.938 0.331 2.52855193914103e-135 5 Elavl2
5.69238305118761e-139 0.56736544972634 0.366 0.02 1.03117518972264e-134 5 Elfn1
8.68496665983746e-139 1.08344071003996 0.769 0.159 1.57328171042956e-134 5 Rasgrf2
1.92300278654561e-137 1.39069143392545 0.703 0.137 3.48351954782736e-133 5 Sema3c
3.17336757771588e-137 0.396624340213548 0.317 0.011 5.74855536703232e-133 5 Gjd2
6.33406171541235e-137 1.39395748657694 0.872 0.273 1.14741527974695e-132 5 Slc2a13
2.12508534022789e-136 1.09740277265496 1 0.673 3.84959209382282e-132 5 Tspyl4
1.63620907042863e-133 1.27007038637544 0.841 0.215 2.96399273108146e-129 5 Pcp4l1
5.61001094917454e-133 1.62760044971124 0.976 0.481 1.01625348344297e-128 5 Rab3c
1.24022285619379e-127 0.748945199364575 0.738 0.171 2.24666370399506e-123 5 Ache
1.0633067507466e-126 0.991820869860293 0.938 0.315 1.92618017897747e-122 5 Rcan2
1.4923844600751e-124 1.58150359422414 0.972 0.474 2.70345444942604e-120 5 Dner
5.78568884434005e-124 0.557807598879294 0.324 0.017 1.0480775341522e-119 5 Egln3
1.29321746566664e-123 0.633802326507915 0.407 0.035 2.34266343905512e-119 5 Wnt5a
2.19403240906011e-123 0.803984112098421 0.259 0.007 3.9744897090124e-119 5 Sln
5.39470291105757e-122 0.964914237384263 0.934 0.344 9.77250432338079e-118 5 Cacng2
7.86703223626038e-122 0.73203676175564 0.662 0.113 1.42511288959857e-117 5 Ptprm
5.10218369224639e-121 1.88055915847526 0.693 0.171 9.24260575850434e-117 5 Synpr
1.44869258044433e-119 0.573800855440029 0.51 0.067 2.62430660947491e-115 5 Galnt14
7.25805511599415e-119 0.400129089113825 0.407 0.036 1.31479668426234e-114 5 Steap2
1.08237446027756e-117 0.432918634913325 0.466 0.053 1.96072133479279e-113 5 Lgi2
1.13057988804434e-117 1.02944672153104 0.99 0.596 2.04804546719232e-113 5 Ndn
1.12939480011991e-115 1.40403782670011 0.997 0.644 2.04589868041721e-111 5 Nrxn3
9.88217858039082e-115 0.3322324667174 0.245 0.007 1.7901566498378e-110 5 Asic4
1.34234431010643e-113 1.10113560480577 0.941 0.415 2.4316567177578e-109 5 Tmem130
8.33877339832058e-113 0.314948189295936 0.372 0.031 1.51056880110577e-108 5 Tmem132e
3.30607329263548e-112 0.978171711320489 0.972 0.489 5.98895176960918e-108 5 Gprasp2
4.34223751304795e-112 0.417205667147694 0.39 0.036 7.86596325488636e-108 5 Pcbd1
1.84944866034026e-111 1.00324687555991 0.997 0.642 3.35027624820637e-107 5 Ndrg4
4.69562775191562e-111 0.503722072604355 0.603 0.108 8.50612967259514e-107 5 Fgf9
2.91069442349129e-110 1.51133447171184 0.786 0.267 5.27272294815447e-106 5 Necab1
5.64588996869863e-109 0.873569480096498 0.955 0.398 1.02275296782976e-104 5 6430548M08Rik
3.23393739364541e-108 0.933246621490029 0.914 0.39 5.85827758858866e-104 5 Slc38a1
2.16270855882998e-107 0.448837633930848 0.593 0.105 3.9177465543205e-103 5 Dpysl5
2.6577690458413e-107 1.08958486169726 0.955 0.472 4.81454862654151e-103 5 Dnm3
3.7462235555052e-107 1.03776436021118 0.928 0.327 6.78628397079766e-103 5 Spock3
3.85375240643244e-106 0.965908273819803 0.886 0.344 6.98107248425236e-102 5 Cntnap2
6.02058564159782e-105 0.26137775739301 0.2 0.003 1.09062908897544e-100 5 Wif1
9.59348526593365e-105 2.18442815655101 0.314 0.022 1.73785985592388e-100 5 Crh
4.44478210399425e-104 2.61310962690443 0.879 0.448 8.05172278138559e-100 5 Cnr1
1.06780076190776e-103 0.700627341344237 0.679 0.173 1.93432108019591e-99 5 Celf6
1.49285085187557e-102 1.80516529119751 0.545 0.102 2.7042993181726e-98 5 Cxcl14
5.16325263841824e-101 0.529317585590261 0.81 0.224 9.35323215449464e-97 5 Adcyap1r1
1.13139908031666e-100 0.88335157226456 0.993 0.712 2.04952943399362e-96 5 Impact
2.84379121860374e-100 0.98681698580062 0.955 0.485 5.15152779250068e-96 5 Syngr3
3.45907725184789e-100 0.545828970725254 0.648 0.141 6.26611844172246e-96 5 Dusp26
3.5773410082359e-100 0.645591541466483 0.476 0.074 6.48035323641932e-96 5 Gng4
1.20971737818033e-99 0.747790007713099 0.724 0.207 2.19140303057367e-95 5 Grip1
3.27798449429775e-98 0.74758668965827 0.962 0.472 5.93806891142038e-94 5 Plekhb2
2.61168110558305e-97 0.850147806204385 0.869 0.33 4.73106032276369e-93 5 Dzank1
1.01228690893473e-96 0.827611999713611 0.772 0.243 1.83375773553526e-92 5 Etl4
8.17108945713251e-233 2.24250822222438 0.847 0.1 1.48019285515955e-228 6 Esam
5.40968593717064e-230 2.64877051924321 0.753 0.068 9.79964607518461e-226 6 Cldn5
3.02726936434435e-198 2.63522277653902 0.766 0.093 5.4838984535098e-194 6 Tm4sf1
5.12591905425951e-197 3.32424879845313 0.736 0.084 9.2856023667911e-193 6 Ly6c1
5.00326850740947e-192 1.94701078718494 0.557 0.036 9.06342090117225e-188 6 Pecam1
4.55536189973113e-191 2.65359991346504 0.8 0.117 8.25203808136295e-187 6 Igfbp7
1.26454772619429e-190 2.59007777755453 0.677 0.07 2.29072820600095e-186 6 Flt1
2.85463878245357e-179 2.44932292765954 0.634 0.062 5.17117815441465e-175 6 Fn1
7.95313727381282e-175 1.70474613996023 0.638 0.066 1.44071081715119e-170 6 Cav1
2.09490036974638e-173 2.94382722867268 0.604 0.057 3.79491201979556e-169 6 Ctla2a
4.93604967025388e-173 2.35876282005397 0.783 0.124 8.9416539776649e-169 6 Serpinh1
2.25035360452054e-172 1.55301918976617 0.596 0.055 4.07651555458897e-168 6 Anxa3
1.31176935987439e-171 2.08782597057007 0.617 0.061 2.37627019541247e-167 6 Tmem204
2.19541675936821e-171 2.06245656093922 0.566 0.047 3.97699745959551e-167 6 Ppic
6.84504345680428e-171 1.74651919516214 0.579 0.051 1.2399796222001e-166 6 Slc22a8
2.02916751928272e-170 2.76504459282655 0.983 0.305 3.67583696118064e-166 6 Sparc
3.08753857515149e-170 2.06068252263556 0.655 0.076 5.59307612888692e-166 6 Abcb1a
1.3895883847463e-169 2.90269944580381 0.668 0.08 2.51723935896792e-165 6 Slco1a4
5.18867997894835e-169 1.63672453597781 0.54 0.042 9.39929378186494e-165 6 Tek
1.10000967202955e-167 2.386318162771 0.617 0.065 1.99266752088154e-163 6 Cd93
3.41871772479086e-165 2.51058085820431 0.723 0.109 6.19300715845864e-161 6 Ptprb
3.61489404430775e-159 1.87990610213107 0.477 0.032 6.54838056126348e-155 6 Icam2
6.28859128585487e-158 1.60562915281449 0.511 0.04 1.13917831143261e-153 6 Nostrin
6.03972449547682e-155 1.81142969841719 0.421 0.022 1.09409609235563e-150 6 9030619P08Rik
2.85257833963629e-150 1.31355459455735 0.485 0.038 5.16744566225114e-146 6 Eng
3.96262834825883e-149 1.99357598754561 0.732 0.123 7.17830125287087e-145 6 Vim
9.78907459161091e-149 1.8786989522124 0.677 0.105 1.77329086227032e-144 6 Csrp2
1.6010778509854e-148 1.75716789007862 0.562 0.059 2.90035252706005e-144 6 Hspb1
2.42747306017123e-147 1.75406627856019 0.562 0.059 4.39736744850019e-143 6 S100a11
1.74724128186358e-146 2.4111025168011 0.732 0.127 3.16512758209588e-142 6 Ifitm3
1.98087740524104e-145 2.50459742549312 0.736 0.129 3.58835941959414e-141 6 Pltp
4.18634616269544e-145 2.09675275470929 0.655 0.096 7.58356607372279e-141 6 Apold1
7.03966188008167e-145 1.42919606455535 0.549 0.059 1.27523474957679e-140 6 Rasip1
8.75143226787385e-145 2.23694544052185 0.855 0.218 1.58532195532535e-140 6 Epas1
3.8961793461519e-144 1.93005023140965 0.481 0.039 7.05792888555416e-140 6 Ly6c2
1.31137941733339e-143 1.84586222580315 0.477 0.039 2.37556381449943e-139 6 Ushbp1
3.15170000088643e-140 1.59614315042199 0.485 0.043 5.70930455160577e-136 6 Emcn
8.15414269454786e-140 2.32293918595062 0.596 0.077 1.47712294911735e-135 6 Arap3
5.324408203589e-137 1.5331642709513 0.604 0.082 9.64516546080148e-133 6 Ahnak
5.79704381493221e-137 3.33095729170369 0.826 0.223 1.05013448707497e-132 6 Itm2a
1.69992240594194e-136 1.80440041705789 0.587 0.076 3.07940943836383e-132 6 Wwtr1
2.76895400591804e-136 2.19982098994755 0.545 0.063 5.01596018172052e-132 6 Kdr
4.37863902979419e-134 2.02975347526139 0.715 0.142 7.93190460247218e-130 6 Ackr3
9.97271312941516e-134 1.56618386787815 0.426 0.031 1.80655698339356e-129 6 Itga1
3.61764152426091e-133 2.43350517025818 0.566 0.071 6.55335762119864e-129 6 Rgs5
1.32402484361074e-132 2.17793516133832 0.574 0.076 2.39847100420086e-128 6 Podxl
1.24737282653126e-131 1.74211256666677 0.715 0.144 2.25961587526138e-127 6 Tpm4
1.77411422428973e-131 2.1948989394039 0.596 0.084 3.21380791730085e-127 6 BC028528
3.01810336580462e-131 2.00066399545563 0.609 0.085 5.46729424715508e-127 6 Gimap6
5.37011595337335e-130 1.38200208118289 0.447 0.038 9.72796504953582e-126 6 Mmrn2
4.74959293490009e-128 1.59763510752136 0.638 0.106 8.6038876015715e-124 6 Tagln2
4.64134585073148e-127 1.89541314846265 0.634 0.103 8.40779800860007e-123 6 Klf2
1.29433313386105e-126 1.69638720886161 0.847 0.213 2.34468447198929e-122 6 Id3
1.40965884745527e-126 1.95564544806507 0.609 0.089 2.55359700216523e-122 6 Srgn
1.02286847733322e-125 1.28325056036028 0.409 0.031 1.85292624668913e-121 6 Slc16a4
9.53557650887898e-125 1.27522193783927 0.447 0.04 1.72736968458343e-120 6 Nid1
1.04365312591177e-124 1.28840898863488 0.409 0.032 1.89057763758918e-120 6 Cdh5
3.01745829860382e-124 1.88627478882188 0.404 0.03 5.46612570792083e-120 6 Higd1b
2.91101622445594e-123 2.14777592997344 0.455 0.044 5.27330589060193e-119 6 Ly6a
3.46525619359416e-123 1.2082702250277 0.421 0.035 6.27731159469582e-119 6 Wfdc1
1.93392124796384e-119 2.10351847877408 0.889 0.332 3.5032983406865e-115 6 Hes1
4.00121945783468e-118 1.6403988894044 0.596 0.097 7.24820904786753e-114 6 Anxa2
4.52994716243529e-118 1.26767492068605 0.413 0.036 8.20599928475153e-114 6 Acvrl1
2.21864406576721e-117 1.15873687779747 0.374 0.027 4.0190737251373e-113 6 Robo4
5.97592320533047e-117 1.65944018146424 0.464 0.051 1.08253848864562e-112 6 Ocln
3.08354792549139e-116 1.497602307671 0.502 0.064 5.58584706702766e-112 6 Ets1
7.17779310033139e-116 1.6240527968843 0.421 0.039 1.30025722012503e-111 6 Slc38a5
4.26575692577406e-115 1.30599362635072 0.557 0.083 7.72741867103971e-111 6 Msn
6.41650466065545e-113 1.61576202295503 0.383 0.031 1.16234981927774e-108 6 AU021092
4.30719607817181e-111 1.3497012720389 0.404 0.037 7.80248569560823e-107 6 Foxq1
2.85991248055236e-110 1.74630969669275 0.613 0.113 5.18073145852059e-106 6 Id1
9.61477559388619e-108 1.46075043003796 0.345 0.025 1.74171659883248e-103 6 Lsr
3.09332948010297e-107 2.82310317997454 0.54 0.083 5.60356635320653e-103 6 Crip1
7.70749909516251e-106 1.54556318498418 0.349 0.026 1.39621346108869e-101 6 AW112010
1.9533153191857e-104 1.56089793438526 0.362 0.03 3.53843070070489e-100 6 Hmcn1
2.30695115425141e-103 2.89128910799885 0.481 0.065 4.17904201592643e-99 6 Myl9
2.78367337166529e-103 2.21285523386199 0.383 0.036 5.04262431277167e-99 6 Slfn5
4.0375085201966e-103 1.46712933525648 0.357 0.03 7.31394668433615e-99 6 Aspn
9.57234195147318e-103 1.9431630284948 0.591 0.118 1.73402974450937e-98 6 Vwa1
1.93739793593188e-102 1.3610280579429 0.515 0.075 3.50959636094061e-98 6 Ctsh
3.05818025639794e-101 1.61210389701687 0.421 0.048 5.53989353446487e-97 6 Edn1
1.95681013872794e-100 1.458239662395 0.34 0.027 3.54476156630566e-96 6 Sox17
5.80585143818972e-100 2.07657656907931 0.719 0.19 1.05172998802807e-95 6 Klf4
1.04244806474742e-99 2.29096951249044 0.745 0.246 1.88839466928995e-95 6 Col4a1
6.2418383925149e-99 2.08399307772768 0.885 0.475 1.13070902480407e-94 6 Myl12a
2.03326577776577e-98 1.07924752710992 0.353 0.031 3.68326095642269e-94 6 Lef1
6.44739743265623e-98 1.14394909807584 0.374 0.037 1.16794604492568e-93 6 Rhoj
2.2918835706457e-95 1.03874826463969 0.353 0.033 4.15174708822469e-91 6 Tbx3
8.33440154075265e-95 1.08923765479823 0.294 0.019 1.50977683910734e-90 6 Tie1
2.31181108443844e-92 1.52170865886862 0.617 0.129 4.18784577946024e-88 6 Fcgrt
2.88122593263762e-92 1.88645842029394 0.702 0.197 5.21934077697304e-88 6 Slco1c1
6.07429752801171e-91 1.30507565036939 0.281 0.018 1.10035899719932e-86 6 Grrp1
6.44086134111919e-90 1.10950980185069 0.281 0.019 1.16676203194374e-85 6 Slc19a3
8.06906140827574e-90 0.817823713223308 0.272 0.017 1.46171047410915e-85 6 Zic3
1.03975527125762e-89 1.43130629321377 0.366 0.039 1.88351667388318e-85 6 Cgnl1
1.17575841822539e-89 0.982861470099014 0.349 0.035 2.12988637461529e-85 6 Nes
1.48060786657396e-89 1.76372188984559 0.506 0.09 2.68212115029873e-85 6 Ccdc141
3.10890253409315e-89 0.965633644058934 0.332 0.031 5.63177694050974e-85 6 Uaca
1.72641519258207e-88 1.79716825483689 0.574 0.123 3.12740112136242e-84 6 Prom1
7.35809401784751e-86 1.29196275909158 0.417 0.058 1.33291873133308e-81 6 Lamb2
1.97947548387727e-260 3.4820559879186 0.938 0.113 3.58581983904368e-256 7 Aqp4
1.93742438510075e-255 2.3160253661623 0.759 0.055 3.50964427361001e-251 7 Lcat
2.80249930414872e-242 2.50983785681513 0.799 0.074 5.0767274894654e-238 7 Acsbg1
9.70363546534285e-241 2.47345105235574 0.826 0.082 1.75781356454686e-236 7 Mlc1
3.06072010675115e-224 2.93503839131342 0.973 0.165 5.54449447337971e-220 7 Gpr37l1
3.83495204954731e-214 2.96137737644041 0.978 0.187 6.94701563775496e-210 7 Gja1
4.19460179755511e-210 2.75237617083908 0.942 0.168 7.59852115627109e-206 7 Pla2g7
6.11548581355392e-205 2.5461944178638 0.871 0.134 1.10782025512529e-200 7 Ntsr2
8.75891095417492e-205 2.59150242838574 0.871 0.133 1.58667671934879e-200 7 Cldn10
5.69951438659643e-181 2.03764888248446 0.786 0.109 1.03246703113194e-176 7 Sdc4
2.64178281195998e-178 1.9665196193154 0.804 0.125 4.78558956386551e-174 7 Fgfr3
1.01216240891633e-175 3.21495319732701 0.982 0.281 1.83353220375193e-171 7 Slc1a3
1.38502384687331e-173 3.02771905888159 0.906 0.206 2.508970698611e-169 7 Aldoc
3.98406602288958e-173 2.78749302645834 0.915 0.209 7.21713560046447e-169 7 Ndrg2
3.58194146709628e-172 2.39968501652031 1 0.262 6.48868696764492e-168 7 Apoe
2.329084102836e-171 2.104681227824 0.804 0.127 4.21913585228742e-167 7 Ednrb
4.07175671335258e-167 2.97398632844853 0.946 0.262 7.3759872862382e-163 7 Mt2
1.71451598895358e-160 2.49418788844023 0.933 0.254 3.10584571398941e-156 7 Slc4a4
1.17048074593099e-158 1.93269885101866 0.741 0.114 2.12032587125398e-154 7 Slc39a12
3.18780675768167e-158 1.91133991337474 0.594 0.059 5.77471194154034e-154 7 Gjb6
3.00321964095071e-157 2.84662151728667 0.812 0.163 5.44033237958221e-153 7 Fabp7
2.62643522232348e-156 2.61671146220833 0.906 0.234 4.75778740523899e-152 7 Gstm1
1.38532056536149e-153 2.38526395445384 0.906 0.227 2.50950820415233e-149 7 Bcan
2.11325095179519e-152 1.80438154101251 0.656 0.087 3.82815409917699e-148 7 Id4
3.20195003133337e-151 2.23255940602094 0.728 0.116 5.8003324817604e-147 7 Fam107a
3.85811023065945e-150 2.24577754909269 0.812 0.152 6.9889666828396e-146 7 S1pr1
2.85576243306046e-149 1.68359938981642 0.554 0.054 5.17321364748903e-145 7 Timp4
4.00653337638461e-149 1.87462987481494 0.545 0.05 7.25783521132072e-145 7 Prodh
1.67903300174304e-146 2.27593647988529 0.911 0.265 3.04156828265752e-142 7 Ptprz1
3.57361678272259e-146 1.90355714687181 0.777 0.136 6.47360680190197e-142 7 Slc38a3
3.93825799283876e-144 1.76062672744568 0.71 0.113 7.13415435402741e-140 7 F3
2.52578648290892e-143 1.58353168964149 0.696 0.11 4.57546221378951e-139 7 Pbxip1
4.07829460068811e-141 1.97101426773544 0.652 0.091 7.38783066914651e-137 7 Fxyd1
1.26539911759311e-138 2.25915779184002 0.839 0.216 2.29227050151992e-134 7 Htra1
1.43355108915194e-138 1.21292055885104 0.536 0.055 2.59687779799873e-134 7 Slc7a2
1.20198084685153e-135 1.87284521876962 0.692 0.113 2.17738830407154e-131 7 Tril
2.83417593265657e-133 3.06941041882533 0.996 0.627 5.13410970200739e-129 7 Clu
9.95060045679499e-132 1.03034612742629 0.379 0.022 1.80255127274841e-127 7 Slc25a18
1.68873484536824e-131 2.47190624459099 0.871 0.226 3.05914317238457e-127 7 Mfge8
2.982399002716e-129 1.24866340495073 0.491 0.048 5.40261579342004e-125 7 Rfx4
2.34770191463435e-128 1.53529288835292 0.531 0.059 4.25286201836013e-124 7 Slc15a2
2.68440121967846e-128 3.00141844353007 0.955 0.457 4.86279280944753e-124 7 Atp1a2
1.32663922014038e-127 1.40469787121022 0.527 0.061 2.4032069472843e-123 7 Aldh1l1
1.3665681049325e-125 1.67076119910198 0.371 0.022 2.47553812208523e-121 7 Slc14a1
1.37443191026304e-124 1.64292991750453 0.491 0.05 2.48978340544149e-120 7 Dio2
1.4205374601122e-124 1.79064006993959 0.746 0.165 2.57330360899326e-120 7 Sox9
4.47089173676646e-124 1.47078364269951 0.455 0.041 8.09902038115244e-120 7 Cbs
1.30141860533369e-121 2.88591078733977 0.987 0.658 2.35751980356199e-117 7 Mt1
8.67476025957148e-121 1.31597474570727 0.442 0.04 1.57143282102137e-116 7 Phkg1
5.70606027260972e-120 1.47761682886438 0.54 0.068 1.03365281838325e-115 7 Cyp2d22
1.04817483579115e-117 1.92726607429709 0.375 0.026 1.89876871503568e-113 7 Gfap
5.24761869347925e-117 2.87237060055481 0.987 0.802 9.50606126323767e-113 7 Slc1a2
1.10437416311379e-116 2.73070536784003 0.973 0.622 2.00057379648063e-112 7 Prdx6
3.0886280560912e-116 1.1814865752021 0.491 0.056 5.5950497236092e-112 7 Tmem100
4.98807665969692e-114 2.49922431161798 1 0.828 9.03590086904098e-110 7 Sparcl1
5.0629700941286e-112 2.21293377044301 0.688 0.15 9.17157032551397e-108 7 Hopx
5.74829796080893e-111 0.962973813499367 0.366 0.027 1.04130417560054e-106 7 2900052N01Rik
4.22084984189045e-110 0.826991920299535 0.362 0.026 7.64606948858455e-106 7 Adhfe1
8.17696823224753e-110 1.52912092120757 0.438 0.046 1.48125779527164e-105 7 Btbd17
8.4630663261645e-110 1.74997693311402 0.625 0.117 1.5330844649847e-105 7 Ezr
1.14977552899088e-108 1.89139888504518 0.746 0.207 2.08281837076697e-104 7 Slc6a11
2.64092609742833e-108 1.94322558869028 0.335 0.022 4.78403762549142e-104 7 Serpinf1
2.58330431544756e-106 2.11141846057495 0.826 0.314 4.67965576743325e-102 7 Tmem47
3.25035289842212e-104 2.46060293547474 0.982 0.876 5.88801427549168e-100 7 Cst3
3.39723948353612e-103 1.9208669886191 0.683 0.169 6.15409932442568e-99 7 Sfxn5
7.47612723197134e-103 2.31878016465371 0.884 0.411 1.35430044807161e-98 7 Atp1b2
1.64805060690689e-100 1.22059474689874 0.33 0.024 2.98544367441184e-96 7 Gldc
9.50608445604474e-100 1.18256905131073 0.446 0.054 1.7220271992125e-95 7 Mgst1
1.71092333378293e-99 1.28687743393976 0.522 0.077 3.09933761914779e-95 7 Vcam1
2.99051897684968e-99 1.05226448099023 0.415 0.045 5.41732512656319e-95 7 Eva1a
4.24691369736735e-99 2.12057754081101 0.933 0.59 7.69328416278096e-95 7 Scg3
1.49990760583463e-97 1.71432852377205 0.683 0.163 2.71708262796943e-93 7 Rorb
3.94086822737827e-97 0.99575054832493 0.344 0.028 7.13888279389573e-93 7 Entpd2
9.95336208566299e-97 1.45796539599811 0.768 0.193 1.80305154181785e-92 7 Slco1c1
3.78975718163178e-96 1.40135131449506 0.674 0.147 6.86514513452597e-92 7 Tmem176b
4.514119282026e-96 2.03222317681418 0.79 0.314 8.1773270793901e-92 7 Acsl6
6.5347564227294e-96 1.54167953130143 0.446 0.056 1.18377112597743e-91 7 Grin2c
3.15032313958549e-94 1.1411340760514 0.335 0.027 5.70681036735911e-90 7 Rdh5
4.09144291837099e-93 0.946855478107568 0.393 0.044 7.41164884662905e-89 7 Lgi4
1.03843477127948e-92 1.87390848703563 0.857 0.387 1.88112458817278e-88 7 Serpine2
1.2032242010974e-91 1.83737685408783 0.844 0.403 2.17964064028795e-87 7 Cspg5
2.47422546073203e-90 1.21772237126131 0.388 0.044 4.48205942211607e-86 7 Ppp1r3c
1.31523951176437e-89 1.14067034175648 0.446 0.063 2.38255637556115e-85 7 Slc9a3r1
8.53065454613483e-89 1.71317125141109 0.826 0.304 1.54532807103232e-84 7 S100a1
1.1423847801624e-87 1.38933886049737 0.531 0.095 2.06943002926419e-83 7 Emp2
4.24970776972179e-86 1.10867073125263 0.254 0.015 7.69834562485102e-82 7 Rlbp1
7.90396893629043e-86 1.38129810145195 0.393 0.049 1.43180397280901e-81 7 Dbx2
5.29613911172118e-85 1.46579782239201 0.478 0.078 9.59395600088292e-81 7 Slc7a10
9.08402779210619e-85 1.46623422650774 0.879 0.382 1.64557163454004e-80 7 Cd63
5.11237868631615e-84 1.44802299340425 0.96 0.752 9.2610739902617e-80 7 Ntrk2
5.94826132727881e-84 1.88906439656794 0.777 0.294 1.07752753943656e-79 7 Abhd3
1.10762545544234e-83 1.02886434660654 0.357 0.039 2.00646351253379e-79 7 Tlcd1
2.96255377069231e-83 1.40887734025425 0.388 0.049 5.36666615560913e-79 7 Itih3
3.0172446877059e-83 1.22633407928953 0.455 0.071 5.46573875177923e-79 7 Cyp2j9
4.1794259589811e-82 1.68590425858803 0.946 0.653 7.57103012469426e-78 7 Glul
8.97929200397959e-82 1.80606185940025 0.902 0.626 1.6265987465209e-77 7 Mmd2
1.26072114272689e-80 1.25748268676204 0.643 0.174 2.28379635004977e-76 7 Plxnb1
2.51333117582807e-80 0.983784221425122 0.357 0.042 4.55289942501256e-76 7 Fzd2
1.75198734460146e-79 1.57620329954922 0.723 0.24 3.17372507474555e-75 7 Scrg1
1.78448737008353e-79 1.29336305486394 0.991 0.939 3.23259887090632e-75 7 Ckb
